[(0, 6367), (1, 3366), (0, 374), (1, 387), (0, 374), (1, 419), (0, 396), (1, 1248), (0, 360), (1, 450), (0, 374), (1, 518), (0, 432), (1, 522), (0, 432), (1, 513), (0, 428), (1, 522), (0, 423), (1, 1469), (0, 432), (1, 1482), (0, 428), (1, 518), (0, 432), (1, 1482), (0, 432), (1, 1482), (0, 432), (1, 1446), (0, 423), (1, 1451), (0, 450), (1, 1487), (0, 428), (1, 522), (0, 423), (1, 518), (0, 432), (1, 1478), (0, 428), (1, 522), (0, 432), (1, 522), (0, 423), (1, 518), (0, 428), (1, 518), (0, 428), (1, 522), (0, 423), (1, 1469), (0, 414), (1, 1446), (0, 464), (1, 522), (0, 432), (1, 1496), (0, 432), (1, 1487), (0, 428), (1, 1487), (0, 432), (1, 1469), (0, 423), (1, 1460), (0, 428), (1, 35356), (0, 7692), (1, 1969), (0, 428), (1, 49519)] 
 00100000110111110010000011011111 

0x20df20df
Waiting for signal
[(0, 6487), (1, 3295), (0, 394), (1, 444), (0, 367), (1, 417), (0, 394), (1, 1251), (0, 398), (1, 448), (0, 344), (1, 448), (0, 367), (1, 453), (0, 367), (1, 448), (0, 362), (1, 457), (0, 367), (1, 1283), (0, 362), (1, 1255), (0, 394), (1, 417), (0, 376), (1, 1260), (0, 398), (1, 1292), (0, 371), (1, 1260), (0, 398), (1, 1260), (0, 398), (1, 1273), (0, 371), (1, 421), (0, 398), (1, 453), (0, 371), (1, 453), (0, 371), (1, 421), (0, 398), (1, 1292), (0, 371), (1, 453), (0, 367), (1, 457), (0, 349), (1, 435), (0, 398), (1, 1287), (0, 371), (1, 1292), (0, 371), (1, 1292), (0, 367), (1, 1287), (0, 349), (1, 421), (0, 394), (1, 1287), (0, 367), (1, 1287), (0, 367), (1, 1287), (0, 367), (1, 30416), (0, 13251), (1, 3944), (0, 838), (1, 51833)] 
 00100000110111110000100011110111 

0x20df08f7
Waiting for signal
[(0, 6025), (1, 3149), (0, 341), (1, 384), (0, 371), (1, 393), (0, 367), (1, 1145), (0, 371), (1, 393), (0, 371), (1, 423), (0, 341), (1, 423), (0, 341), (1, 418), (0, 341), (1, 397), (0, 371), (1, 1196), (0, 341), (1, 1179), (0, 346), (1, 388), (0, 371), (1, 1171), (0, 367), (1, 1196), (0, 341), (1, 1166), (0, 371), (1, 1145), (0, 376), (1, 1213), (0, 341), (1, 397), (0, 371), (1, 418), (0, 341), (1, 1171), (0, 371), (1, 393), (0, 371), (1, 406), (0, 341), (1, 393), (0, 371), (1, 628), (0, 615), (1, 662), (0, 615), (1, 1987), (0, 572), (1, 1944), (0, 619), (1, 653), (0, 615), (1, 1918), (0, 615), (1, 1940), (0, 619), (1, 1983), (0, 572), (1, 1987), (0, 572), (1, 1927), (0, 619), (1, 47361), (0, 10321), (1, 2572), (0, 615), (1, 34207)] 
 00100000110111110010000011011111 

0x20df20df

